611
616
653
725
748
811
822
874
877
885
904
918
919
930
1034
1040
1042
1049
1050
1093
1119
1267
1282
1322
1326
1475
1586
1593
1594
1595
1599
1602
1605
1681
1822
1823
1825
1833
1840
1849
1850
1851
1853
1856
1952
1965
1972
1998
2051
2052
2053
2055
2056
2057
2060
2061
2066
2067
2068
2069
2070
2071
2072
2074
2076
2078
2080
2082
2097
2156
2159
2162
2165
2168
2335
2346
2348
2350
2352
2398
2411
2452
2455
2470
2471
2472
2473
2474
2475
2476
2477
2478
2480
2484
2489
2511
2516
2519
2626
2627
2633
2641
2643
2644
2648
2649
2666
2667
2683
2757
2758
2759
2760
2761
2939
2941
2943
2945
2948
2949
2952
2958
2959
3032
3036
3050
3052
3055
3233
3238
3239
3260
3261
3262
3341
3379
3385
3389
3516
3528
3549
3558
3591
3594
3595
3597
3598
3600
3601
3631
3927
3941
